1446891
0929017
3367262
1959612
7743568
3673611
8354512
4945359
4781112
3255195
2406178
7124007
2659025
2312854
7207913
3075970
0633096
8584267
7716798
8098292
9514724
1854478
4892850
9743789
3902707
4735767
1379779
6710971
3487248
3018067
4091236
3533300
3012266
6213366
1813719
2604975
8991751
8594890
4936485
3673556
3854431
6946543
1655528
4440334
3085883
9720093
6158473
1358402
6576027
9129030
6802611
3598489
9995029
1059590
9523496
8774231
6042400
4164323
3892053
5502522
4754771
9185226
6999706
3105672
1151826
8167802
2217451
9237419
4688529
6612935
6206973
0811211
1403728
5791003
6891715
6426159
0875698
5281762
3890143
4154245
3345416
9249721
2917358
6711170
9544896
0197414
0009908
0389137
2432482
8045022
9041721
8740351
0657962
6221407
2390771
9658373
5261014
3126548
9986323
1250702
4107050
1934031
7728147
0894798
4771354
8956317
0700159
3518355
0345721
4641934
1289066
2993269
1515204
0237942
1578239
0436541
0696157
0281730
8479899
2161591
1176837
3675628
3735210
5283804
6591634
9404120
2248011
0894743
7731172
2947522
6589567
5534959
9245258
6857767
1576798
4265390
9346663
4315718
6780959
0973015
8487680
5322490
5164263
4148129
4702226
9117095
7180972
0778511
9837950
3955844
7188506
9686130
5582256
2957243
8707410
8927638
0180540
7209257
2203241
6516555
8723735
0068195
7223198
6989483
6416917
4392138
4292290
1258707
8575728
8549252
8660361
5417407
5249396
8795014
4762288
4642549
7191612
5897579
9471182
8686359
7978159
6939092
4526364
5811878
4664917
6824139
4637732
9070994
3499959
0125244
8142912
3327178
1588048
4537838
3762883
4532068
0783516
6502317
7069480
9950198
4252371
7920170
4234991
4756029
4063570
9169941
2759672
2549813
5500775
9084766
9588549
0325190
7573018
1716019
0857621
9092227
5369309
4757874
3346284
0835935
4780978
1559010
7048895
7690463
6082653
4318343
4426107
5208032
8218199
9988773
2433567
2926544
7382192
8644956
4282792
6280200
3848490
8325224
1896858
4429065
6085790
5520125
6474385
4381743
9595319
8984739
8293851
9365056
7292866
0651859
1307469
5083452
3475450
1227798
6443327
9405891
2370656
2729059
1937490
6477802
6507661
1155384
6049969
7155722
9876185
2935866
4510909
6684561
4233749
9850787
4402464
3505651
9360081
5216287
3121064
4668227
4148692
1458311
7521429
5074460
7812499
9474636
5321115
9200049
1472863
4985540
5527031
3987515
6488305
9899222
4155269
8363096
5704722
3848154
0317670
9621292
5987089
0652208
1090112
2646716
3759891
4252224
1129085
7425313
6077935
8122905
7013778
7388951
0217868
1517700
0490892
5168049
3223943
5628611
3310123
5742798
8807455
9618807
8630191
8897382
0647434
0019550
5999866
0985525
4289277
0376509
7068608
8725782
5142350
2014599
8145166
9800037
5254056
1541602
7017829
1846313
0077106
8273871
3329908
2350341
6189620
2759515
5026784
2671323
0501140
9399056
5446138
8002257
8007394
9880612
7194732
0035011
8676323
7166786
7785476
6710467
9281839
0847816
6321220
1160910
6997227
1621459
4847269
9563922
0686750
4417547
2329761
5665249
5699061
0979690
5405909
3198557
3792217
5315958
7236899
4346480
9931358
1831867
2914076
6164899
7755226
7330942
8556678
5784220
0550398
1879034
4829344
3398571
3867002
4806622
4126596
4731733
8307325
8874566
3496185
0131411
6120637
9321737
0852389
2553407
5701222
1048660
0131207
7581800
6014266
0267259
2341174
2773991
4074821
1735515
5209343
5384377
6179224
7092026
1740209
1772400
8815017
1419821
3450504
1918110
2514245
1867742
1368904
0131488
5615500
1202460
5169728
5032677
9133668
2758291
6883570
3456367
0748833
8281474
9948493
1155193
1920583
3810222
0802396
5462067
1786006
3554425
4037657
3661268
4026439
0944743
9167240
5296342
4188152
6816428
8720661
4399088
8111590
6858548
7985702
7759516
5438217
6419733
5348301
7003311
0115011
9431679
1070431
4543910
0289398
0065823
5552984
7903848
3369243
0956427
2408506
6523736
9312922
3470036
1535297
6973058
5931106
6553213
4249987
4625344
6860958
5044743
4263951
5486385
8215618
4430116
8151984
0590791
5823095
8192544
1336875
6270120
0853400
3480692
3981733
1299842
8427920
8273018
1010343
7273723
6057993
7448660
1458343
8934419
1820668
0593589
5748344
2188114
0097363
8468816
2554879
3066431
1646296
5271638
1647785
3145451
0047219
6125032
7246158
5358608
0111263
1224816
5746066
2616013
3368922
6236456
2753090
8766635
8603679
8214012
9527884
5332792
2976529
8746232
7074715
5240676
5985317
2153073
7580543
3905948
1440145
7537212
4834642
5274789
9466393
2293107
7297099
8433948
4529248
4163502
1064863
6019982
2033309
4959409
3413569
1376825
9242033
5448842
5767989
3091119
8251733
2844416
5404602
6785054
4681370
4415954
6165815
5972995
4821805
2581739
5469048
9472361
1615873
0103785
5571627
9469262
8486370
3822509
1636835
4346577
3376757
3941592
4233092
9565569
7390684
3544064
4128396
3165015
6993793
0776248
5329268
7704879
3162631
8777397
3256977
5875922
0917175
5246199
6635448
4714324
3815092
6345637
6913475
8517334
3078551
7552641
0911025
8013437
7943197
0026501
4511646
4433147
5386624
6961116
6821333
3414614
9005891
9472787
1606404
5570887
3703658
6731553
5623113
0311195
4469337
4103048
7864804
8576549
8449647
9813535
8810042
3767685
7828238
8207470
0198877
7322521
2365491
1932916
2263598
0641141
1829177
5053786
3700801
8560733
0555163
6104197
4604505
3394780
2808969
7808958
6352825
2135449
3251211
8981135
9921216
7439816
4083895
3702653
2285526
7283620
4874936
2577459
0192975
4070724
3124626
3248022
7010665
5677965
1780168
4236061
2181839
0457563
7744350
4348461
5772354
7245773
9461575
8412413
4265354
5012474
7105593
9837554
3684106
6053999
1684742
5499778
8206371
2608788
0414373
7849900
2892746
5670759
8078035
7205946
7629059
8449564
7545402
7241623
8803779
9500394
3682382
3837387
4996049
3027150
1129442
2072899
8436779
5356072
8213293
1128841
1322856
4095329
3715263
2348618
7215867
4418583
8357445
5555431
4579367
7434049
6361332
1163885
9381221
1183381
9822391
7628159
0614431
8079884
3217056
6538959
7108244
8088909
0656555
4231205
4457523
2024140
2239225
5273204
2107677
4152334
2361253
7458752
2765864
9979001
4378580
2118674
3866553
4077764
2632673
6040578
1990028
4048259
0484316
7675122
7251795
2702544
3685767
6955866
4877631
6174098
8777934
9153501
1034017
4099318
2200923
4700033
5663899
5058874
9397170
0129349
9574554
9933795
4222407
4220873
4220144
1291503
3612537
2012680
2853273
7232957
1761375
6519424
1201141
4545332
4333161
3707845
6634335
0438921
4228006
6670393
7518128
6942434
6335001
5126771
4721131
7735326
1468567
5850487
0279825
6957001
4250535
0250030
1968977
7878022
6168725
2636868
4322812
3117031
8829414
3782730
1955731
9192358
6344771
1415609
5773654
8344177
4344938
1825230
2927822
4326842
4163723
4536635
4638638
2366914
8962173
1372841
4157332
4808506
3889831
7598045
9967002
8620278
1004881
2618118
7953664
9377877
8984605
5081890
5064192
6396995
1071236
5639246
1678219
7547222
9867506
3490221
6613039
4769800
1948120
4101885
3778717
8313672
0362624
1203214
5913004
9244393
9431194
5379390
5087309
6529268
8899708
9683126
8170478
8270335
8886474
6124341
8859031
2348705
6953144
0194718
0742032
3854535
9265273
5079507
4206384
1796256
9637974
7539731
5229548
8267983
2661562
5377011
4788576
4652886
4407818
0056806
0262616
4017488
9248693
4716912
1076274
6925939
3184294
9014078
8494774
9898357
8439753
6557751
2356099
7849139
9177093
0853239
8556134
6828860
3518702
9031617
7101580
0479677
9237714
5467257
4535125
5892448
3409992
0897319
9897481
1431663
4703215
8045337
3760292
0752699
7468579
4718786
0791027
6368501
8287289
2509342
7513851
0306047
2408262
6803205
1755525
9250275
3808338
0279673
4070978
8972819
0180397
5238888
6758773
5177790
4856989
3954211
4399420
2404298
1814970
9696416
2389448
7232012
8842853
7002694
6252088
0579333
2503094
8941270
8215585
5886185
8393176
7434625
1953072
3004612
8122881
3167519
3600172
9939848
2152466
3990420
9367054
9122994
2949041
3770356
5658206
9919677
3456258
0531471
3092747
3192493
7533593
4293670
3925977
0738094
8532571
5437754
4757414
6955171
1021686
6742579
9266082
1573359
0242719
3950386
8793037
5468907
1256433
4785715
4801254
8798289
2514298
9527352
4213416
7718662
